382
705
184
94
509
619
447
158
822
377
256
495
689
123
333
932
203
458
71
249
185
854
930
81
220
667
942
378
84
756
12
586
278
493
354
193
748
630
490
150
255
892
397
945
581
671
302
865
787
27
851
900
136
734
82
186
224
570
411
797
601
185
927
469
843
276
493
50
211
326
156
417
307
869
550
823
156
76
99
250
971
602
331
39
18
920
743
117
579
840
34
10
672
222
192
615
679
276
617
486
392
883
38
708
354
45
659
601
515
87
124
211
941
422
444
245
17
896
579
862
94
924
839
77
570
188
329
412
19
816
579
491
928
101
469
383
515
515
730
793
556
177
472
773
68
385
320
204
2
267
678
818
923
128
120
20
200
576
245
657
59
505
175
130
302
849
640
261
514
889
928
100
327
602
431
441
148
852
195
582
838
155
834
186
535
778
763
665
698
963
32
871
731
46
699
944
865
746
926
495
970
78
515
453
884
218
996
62
746
830
271
865
75
704
677
376
603
3
492
198
112
797
41
504
167
195
948
658
893
990
936
894
809
679
278
902
547
400
947
724
170
467
529
58
360
820
8
641
916
843
999
730
825
927
978
583
880
370
459
162
37
557
617
703
812
143
332
680
194
315
882
81
191
899
509
148
764
240
626
838
509
826
185
228
125
134
546
850
61
270
551
783
703
559
639
850
485
623
838
942
731
773
764
771
686
155
679
93
136
129
194
640
377
706
425
912
58
900
300
93
670
200
343
501
703
593
189
161
491
967
542
130
974
67
368
961
872
799
905
569
973
500
547
353
850
370
339
728
464
953
240
718
892
612
140
509
218
147
282
283
118
580
677
490
759
626
528
490
831
737
148
407
228
700
378
111
973
257
702
351
931
710
351
654
91
21
649
437
839
720
470
843
25
524
930
662
712
783
778
377
569
128
626
547
754
312
731
454
94
437
843
471
8
218
726
343
47
859
209
719
614
134
133
918
39
22
928
307
251
162
90
57
126
600
128
208
99
163
146
888
67
635
701
868
464
319
173
820
792
375
600
73
96
752
25
949
246
722
293
249
850
781
897
677
82
377
536
603
421
524
830
695
149
161
320
785
394
902
70
46
299
938
457
736
612
501
160
127
19
738
766
101
63
685
889
205
640
557
702
886
530
261
878
548
287
373
633
446
290
778
782
20
38
890
816
561
855
502
181
563
36
731
172
222
652
36
315
616
909
62
814
48
341
419
4
226
913
590
814
783
674
434
896
507
173
830
83
575
724
217
175
48
699
300
734
70
962
686
630
859
95
496
29
712
810
838
943
388
172
410
183
267
819
877
588
632
348
84
420
366
327
917
430
16
506
868
835
578
482
118
978
908
877
124
670
504
642
704
830
785
569
512
746
408
632
404
775
326
77
407
524
149
205
969
993
82
12
803
780
520
622
691
658
916
645
707
78
13
318
738
795
20
860
803
490
994
920
221
978
109
10
764
525
770
843
493
502
704
176
636
551
2
243
354
222
465
165
826
574
694
351
332
263
344
687
28
118
536
54
294
650
862
820
736
716
990
238
253
170
377
990
201
931
801
703
678
295
54
457
923
962
605
355
664
9
430
953
872
501
344
956
663
320
60
45
440
637
140
831
992
174
802
594
157
72
871
743
79
853
451
592
138
327
467
677
851
155
35
699
4
780
646
602
361
699
927
505
131
278
705
637
993
284
732
815
781
752
433
84
322
315
908
572
933
652
270
578
580
809
905
18
79
46
144
16
262
692
943
245
578
525
300
43
280
682
233
606
771
953
784
537
293
902
420
404
78
573
100
664
968
883
925
749
969
418
38
27
453
24
661
485
160
99
897
448
578
41
350
500
160
324
159
867
866
85
373
780
720
470
70
12
318
408
827
627
440
18
823
6
726
686
376
820
162
999
798
30
574
172
575
36
259
239
559
681
916
101
777
274
879
116
448
802
874
639
268
719
540
968
799
804
786
763
82
949
82
977
677
505
801
214
249
285
280
212
756
44
484
134
740
478
804
961
828
319
248
186
205
970
45
54
883
619
869
198
185
409
94
29
864
845
393
373
43
72
943
696
733
479
876
644
727
250
387
399
516
732
688
499
76
394
177
802
91
720
162
973
716
855
162
164
292
133
767
685
94
956
71
639
883
639
169
249
678
597
873
702
346
11
367
40
454
994
110
51
199
29
421
579
716
60
368
84
988
77
198
88
75
212
890
33
134
819
486
883
116
11
447
167
942
295
927
200
543
3
433
140
793
122
142
315
191
388
988
156
982
362
390
178
772