482
917
653
31
756
284
524
973
815
402
399
679
892
731
122
18
505
379
421
910
634
219
848
72
511
489
634
977
255
762
518
964
143
207
499
236
12
839
826
370
160
144
944
408
535
738
511
624
697
823
278
1000
389
113
671
872
859
635
947
385
657
809
550
466
192
618
748
40
907
94
759
772
803
467
575
265
121
166
787
695
682
596
784
703
302
687
327
1
998
435
53
678
827
302
237
415
72
194
272
848
430
764
972
739
955
581
536
237
497
358
926
270
600
908
469
835
431
842
202
762
668
953
505
756
859
499
537
730
546
786
20
312
580
818
612
320
868
931
117
599
139
978
793
30
213
804
427
874
689
302
746
793
860
224
689
465
245
118
871
49
144
345
837
147
826
793
124
278
511
999
721
594
33
505
196
83
746
789
486
37
64
184
627
616
889
909
650
261
991
420
674
324
116
734
393
191
991
48
520
680
869
196
477
89
883
266
154
831
285
706
476
244
317
726
611
961
53
949
493
117
24
201
762
654
287
80
757
713
924
209
648
574
73
977
747
245
679
542
469
126
198
832
110
989
37
265
691
123
813
304
11
378
784
362
200
24
543
646
627
179
579
289
233
942
225
367
212
53
51
569
574
776
543
874
264
538
197
81
622
295
374
124
154
18
437
633
69
814
636
602
720
156
357
468
703
643
254
855
685
248
701
400
973
256
425
599
199
580
304
102
735
667
497
256
264
915
648
684
577
641
757
685
20
180
108
156
53
688
93
794
917
962
302
740
899
300
857
970
338
55
885
491
523
701
537
680
538
505
415
721
188
314
366
131
797
916
79
780
484
775
291
682
7
192
967
849
253
616
115
370
210
962
53
546
1000
176
344
239
905
700
862
874
836
664
804
117
918
238
639
704
877
648
847
514
292
925
283
548
201
601
302
447
100
171
89
943
568
127
297
748
327
478
513
218
536
66
878
765
771
885
331
892
309
345
895
934
233
718
614
303
878
782
33
170
236
649
36
593
989
27
315
817
42
328
218
734
368
651
798
780
199
313
802
315
159
593
775
200
818
685
999
298
781
546
761
578
137
132
682
973
289
846
774
745
799
747
706
992
834
86
405
660
862
682
194
749
880
905
12
573
733
580
115
169
5
89
100
600
767
915
407
345
456
80
635
212
136
344
569
168
90
640
909
613
649
432
734
982
17
88
504
163
392
815
851
177
907
188
205
144
658
745
737
637
16
654
236
850
27
5
486
178
761
271
254
41
518
781
908
673
743
187
706
994
943
613
843
636
878
838
989
682
933
835
615
192
430
872
491
593
147
504
597
650
889
883
9
255
498
258
370
91
658
371
175
496
174
47
328
579
69
694
339
249
777
763
254
393
704
838
535
759
722
978
330
660
489
277
516
98
660
928
427
139
964
298
123
46
145
900
39
639
681
304
141
858
125
397
639
792
164
193
909
55
758
104
828
783
197
314
263
520
298
96
58
865
117
970
237
636
887
489
639
492
256
580
938
802
264
415
539
576
929
812
982
147
769
702
330
503
946
932
835
834
260
244
526
146
149
623
546
201
906
522
674
153
259
101
994
291
579
292
147
352
372
756
289
197
586
874
65
813
230
135
695
782
110
688
15
13
24
196
405
168
661
177
358
923
961
256
637
812
758
192
124
623
405
964
203
464
182
982
314
464
964
259
144
1000
268
506
759
684
577
440
64
594
244
881
789
491
355
322
594
473
294
627
12
792
755
646
240
735
138
251
520
583
890
49
56
137
113
480
374
770
597
764
798
881
802
793
698
691
648
173
146
350
881
15
661
974
493
967
63
882
30
536
648
371
592
944
537
174
208
26
631
505
966
178
982
619
46
507
455
422
301
847
816
515
209
670
21
799
860
75
105
355
855
978
290
331
801
944
118
327
421
536
588
69
40
34
934
92
207
834
300
456
321
557
373
99
368
740
223
45
329
847
633
129
423
431
750
926
620
823
583
252
80
548
145
970
12
99
962
332
788
481
293
975
433
493
777
886
413
903
754
259
668
554
590
487
774
35
53
195
420
573
444
134
252
892
183
760
299
321
494
152
278
992
60
362
173
312
650
150
513
62
175
629
40
896
572
887
235
500
222
640
380
254
495
566
55
482
631
1000
799
918
168
474
573
40
748
667
613
856
159
225
835
495
992
122
993
855
469
857
11
259
172
699
564
108
646
363
796
681
99
165
522
196
44
670
291
44
144
644
932
258
906
727
367
203
5
175
491
147
874
279
315
288
543
438
172
503
397
120
380
526
77
246
869
146