348
221
943
135
578
712
893
56
319
942
775
484
126
390
567
806
205
838
372
14
717
877
672
445
182
133
198
59
939
820
603
810
495
751
267
188
960
312
50
972
679
421
802
794
867
403
92
618
933
355
298
876
732
837
532
330
605
644
436
809
324
827
718
1
211
266
982
415
836
459
486
970
421
562
884
671
934
577
248
873
943
558
290
156
274
21
495
364
425
588
377
108
799
431
586
492
401
92
204
408
874
547
353
645
679
971
57
913
200
567
535
756
40
171
932
465
610
198
719
447
889
760
958
293
54
754
706
512
350
837
466
94
75
258
915
72
917
82
167
921
547
219
812
713
214
606
569
966
618
479
898
841
924
392
468
214
438
301
97
614
986
703
819
434
45
587
562
126
546
272
358
969
152
564
123
471
611
841
347
688
125
206
876
331
186
300
291
847
234
844
600
45
673
698
799
620
29
654
258
193
43
337
376
540
368
256
45
765
670
287
72
30
56
796
251
177
63
194
19
652
835
410
178
165
881
652
613
51
333
530
511
659
266
258
23
122
162
931
925
949
769
225
275
442
154
730
177
192
958
79
883
505
365
970
873
888
853
176
60
141
752
486
956
98
948
707
599
612
978
90
376
158
427
977
402
417
350
83
292
563
450
45
257
488
314
291
871
816
182
750
949
645
513
554
662
573
184
477
194
915
505
114
416
831
171
257
606
607
96
276
162
227
689
291
648
912
451
896
366
865
200
317
274
345
972
18
925
162
753
261
865
94
479
408
600
165
936
994
235
645
594
645
136
871
240
949
703
680
753
438
923
614
968
43
847
119
693
784
720
671
893
902
724
860
10
250
759
145
363
29
148
781
725
687
530
800
54
816
457
632
273
618
339
885
49
496
5
458
144
890
207
842
109
270
762
54
115
1000
332
371
962
248
15
351
614
139
884
285
658
812
237
718
94
456
220
618
84
284
664
313
966
576
338
903
573
582
745
84
234
970
271
234
975
871
748
56
307
338
239
776
935
40
537
773
163
924
172
353
31
746
380
885
903
206
404
251
593
870
757
254
231
135
703
803
879
207
142
873
60
182
908
578
730
354
418
472
568
368
205
365
14
559
195
282
298
722
749
622
128
224
735
803
573
933
163
999
588
758
765
413
836
224
170
778
573
705
617
902
163
532
973
407
302
756
611
673
908
817
474
622
91
454
862
368
81
672
881
735
496
167
728
1
703
20
713
190
775
555
959
29
476
462
799
920
253
336
496
754
999
411
279
88
115
390
302
167
765
788
652
890
317
136
740
99
999
792
111
465
472
700
986
115
936
226
874
986
878
36
174
334
161
343
144
169
108
114
928
563
154
631
150
924
325
825
641
41
655
620
171
187
430
270
55
578
157
458
793
290
231
29
989
542
722
145
923
814
779
782
850
367
704
405
682
537
241
959
138
287
273
200
145
365
707
100
9
450
820
321
98
142
274
407
634
594
115
157
885
577
70
853
302
145
407
54
436
319
94
479
163
689
69
585
267
516
751
668
333
829
721
348
613
198
240
198
879
83
221
664
75
999
392
826
332
140
679
713
737
233
348
275
670
427
660
818
59
677
600
747
280
645
612
108
88
601
617
722
113
154
471
846
524
836
524
170
936
665
943
889
602
49
318
735
628
75
27
267
112
16
822
390
784
168
909
819
8
378
964
405
442
526
811
171
288
664
575
361
769
235
990
930
289
118
657
709
701
344
438
934
399
179
994
65
862
866
979
338
82
138
486
632
919
704
597
225
354
375
626
576
13
601
785
477
660
661
968
668
554
287
885
765
776
973
357
818
278
811
556
993
619
754
16
313
462
950
960
898
526
99
761
946
895
227
431
981
973
110
167
43
52
446
787
874
642
156
276
752
909
649
918
51
217
330
857
347
145
978
839
160
369
49
205
632
678
392
803
935
90
142
870
135
504
747
444
566
300
74
980
190
360
229
880
378
564
69
126
763
887
109
716
775
503
743
423
988
666
129
6
588
118
944
485
341
15
876
965
484
179
849
719
22
29
234
429
991
282
620
494
678
160
983
193
965
754
46
666
223
660
698
99
592
129
149
312
75
380
241
494
948
176
897
653
618
853
797
927
167
256
961
529
277
78
853
747
369
908
604
153
111
882
54
74
916
942
13
629
462
442
367
942
753
469
44
159
360
593
514
555
469
724
842
761
60
990
63
432
56
332
972
847
989
885
654
325
345
429
420
637
438
738
525
851
886
708
455
30
151
525
49
294
747
583
586
683
934
737
959
205
802
29
650