446861
929717
713353
322943
414943
628636
126696
144829
742815
742747
942787
20761
987696
739882
780562
885984
811931
239596
505014
927539
459459
173949
772101
971659
417218
424237
256997
967052
329817
555453
879007
673500
329053
582098
906798
992309
302818
149273
580186
728156
201599
466897
937175
226934
312130
851367
943096
947207
704184
61239
220540
538390
616930
531460
310177
818175
428561
968023
646888
950976
466142
70433
292863
17958
126693
275606
854355
36944
171471
493704
892210
1718
645551
192156
585660
677267
949449
827498
130733
589416
308171
228394
575097
788017
172841
53896
816755
435950
505568
790776
390291
595565
463742
749741
833882
846781
529997
638141
104388
324765
220124
620519
255922
312389
187372
568956
940310
231399
108149
711858
232620
54943
274979
978943
196561
11938
621557
946614
357033
576993
211469
111739
674465
603196
63786
45059
565070
829405
768010
87420
6628
698588
560717
868488
717744
705514
824463
659156
285178
618458
640005
101513
830017
834288
147251
389860
958716
252854
438301
869643
59029
707086
143557
12243
416691
388876
770624
896349
724173
474806
395931
156251
562636
465855
135990
150158
823753
366292
506394
801674
485565
683578
686357
901648
877802
327080
970268
280383
59453
175303
466956
465868
894665
707078
678415
352612
541403
762390
583973
924664
241419
709512
949825
59482
192354
46307
852484
147283
527150
403968
988779
198080
528956
58094
968498
980994
465187
912015
152298
142420
218377
981586
728305
468193
587224
917426
65832
509033
469902
740855
351477
714463
854265
278177
642613
63935
820410
662145
296884
408181
998847
864240
376299
638386
596740
569246
601003
533591
13772
326933
551283
196842
890384
98289
488082
996985
317689
195334
683563
20015
758892
292753
43868
814868
126890
30803
153229
834833
439836
284819
675649
951394
565803
765239
643782
555077
608082
913638
127505
249981
782138
312487
613334
190999
722466
142614
463425
745365
77533
91167
307304
79720
8000
241179
881054
563547
581311
495342
732792
480961
745864
247578
96205
361850
102205
649715
599980
444397
970778
595520
645935
854245
231379
746911
879199
613188
870425
333887
8235
16897
359838
990442
231980
899862
793207
871148
317065
549156
761088
743591
779659
351479
322791
748191
714456
16621
920740
978600
640546
493421
92402
708400
495299
210464
838903
339483
775365
671665
92486
515826
89492
991960
292625
57115
576258
863034
827098
851778
780861
600474
679292
700982
615589
295487
988013
618100
616285
14043
800071
140934
276148
58702
987858
403507
181018
549036
526129
122590
431295
134884
783123
635908
925768
949883
165928
998608
808657
194126
286836
207154
39926
328123
356473
278289
456271
475589
461575
511181
589735
21448
694801
136740
18424
494345
373008
31362
632658
656649
624017
937153
226449
917420
915224
719521
144532
563527
502838
748155
732396
831535
986501
449971
614644
842632
554575
319027
962224
358796
459345
261764
612484
692092
83973
768535
186687
440783
908986
521290
2353
220154
218537
879776
693214
595583
480002
310716
301980
416547
663354
721825
614882
670477
80910
880521
702518
612112
1272
536543
196900
662559
327790
3232
985528
701943
37071
605509
104884
726172
168633
532367
179716
657916
457898
30096
820951
639887
826854
866933
635366
144384
459770
223061
690744
197064
991877
577697
103008
551097
891915
603824
667848
531348
344612
768967
914632
504828
333929
155288
703688
322472
429529
40532
9186
186624
256389
300577
242497
305468
652710
36191
324469
993507
967774
470448
981367
307182
330945
274602
324694
893084
171104
429497
630671
520946
651318
492594
650195
499458
859031
380268
422634
600795
767411
214473
755966
212792
862398
510442
344763
242795
450035
549726
852369
559451
636381
251438
193619
224717
100580
135036
699357
437093
641482
495336
801463
863565
859622
911192
274672
9796
355621
140683
374986
763811
448456
991627
107039
738650
325707
709784
138716
709306
475940
207535
741860
438221
786908
67379
437165
33415
75255
797172
937289
461090
28896
496493
471875
730777
747253
193910
161229
246162
253006
535396
83466
319360
897642
517467
116935
378284
458017
312544
948858
154084
45326
676825
529
338623
379702
893861
751876
591917
136747
637074
48430
575296
243545
927416
698705
486591
35579
905071
841310
478545
332655
822764
622119
65051
172010
978009
441950
343981
94595
431613
276044
868998
131703
153166
144561
720648
357304
804849
528081
411265
719682
65767
656136
58521
32923
582201
546220
299747
976770
727733
163257
54431
663833
714823
428757
442688
890187
301054
196459
158437
900874
713403
90948
461263
164194
656634
795244
462943
509890
439607
134955
391572
925094
742007
765976
857816
896944
263694
825145
18804
412686
358424
122548
777772
853295
787585
396336
516810
490807
206110
562065
24564
772065
634029
350192
651140
421463
343529
210309
578055
724322
550154
671922
390652
740852
938900
746106
306289
290540
260334
212088
997744
318455
188610
473967
826311
420721
417524
928437
39542
86405
211264
70172
889504
987069
466907
240254
277717
671536
275911
531435
202958
274950
979420
319142
137185
156952
819646
220391
5929
717936
153437
337315
805968
62023
743677
261472
907443
503267
919964
183679
368656
67859
416123
674883
708763
376918
324353
574532
366909
956556
726351
576233
442607
165949
350304
829234
656952
944868
672759
256906
710977
147246
461239
915069
540930
221100
495379
281277
152764
610481
814436
578287
924033
217669
508378
527968
423176
175031
652534
172706
890522
11404
114888
387354
851883
302400
113707
308559
730300
457711
555526
291584
540743
662659
997018
711130
550792
156499
240313
449171
483685
333412
983109
997935
551061
244952
582877
720644
311235
727482
811964
984641
13221
364843
411503
376095
408814
355496
706111
123322
162294
359013
167184
966567
638605
884032
442562
845821
420596
659726
411377
87674
325362
527021
416726
325734
470423
19441
856560
594999
71272
14249
287641
565330
685050
923651
999239
450743
965889
899139
576469
998178
922474
338448
372619
852333
139618
326380
19985
972020
542197
126694
220360
694285
921222
112311
680437
724838
739034
208231
744092
496469
539983
230894
441054
190199
386120
878236
57524
285313
873824
644105
693075
674591
354727
851726
835812
33871
365607
668908
630698
126776
945736
948764
672545
113501
835647
244129
930772
180049
469003
68033
898967
744275
825007
681263
885368
25574
645555
733003
682386
98768
256649
121069
875861
407637
744970
877298
413119
410156
323516
145556
908990
698168
358681
151203
319914
241421
209043
453301
756562
228060
497311
185963
922612
561449
357412
744390
983823
851177
892038
199223
882980
599839
247108
695178
296075
121034
108321
40855
314995
556938
909508
58428
688682
205792
280846
333166
952343
182615
393199
572018
246439
59021
432912
922310
983922
14766
356841
663472
88357
791521
725784
210961
421293
303200
123094
907842
37434
306864
780555
327462
690025
375757
678709
430213
788978
550555
386392
436250
736439
152431
671695
961027
926750