27
85
453
631
19
240
871
375
589
612
927
839
148
479
955
382
11
206
764
234
16
792
532
180
104
291
845
20
997
678
354
29
479
940
771
48
500
607
838
399
187
740
620
423
816
251
950
63
204
310
885
882
304
591
772
916
74
455
231
136
250
184
77
657
188
913
674
3
975
829
887
575
798
436
669
911
689
257
996
575
621
509
482
203
825
725
505
357
53
662
435
418
851
763
919
765
704
121
170
344
68
742
229
99
797
358
25
412
114
936
505
817
816
275
288
182
6
849
50
458
573
924
582
597
692
784
356
125
183
422
83
234
491
873
206
178
900
324
963
117
766
774
440
321
301
719
648
110
970
960
265
741
588
982
493
705
227
934
121
484
875
456
867
294
962
32
30
787
165
668
665
226
745
919
935
390
799
194
586
307
156
617
82
789
294
894
348
370
650
486
487
464
944
558
263
655
840
944
418
711
894
89
20
462
497
650
826
531
818
470
547
703
128
364
134
84
505
331
130
615
189
764
90
829
41
931
109
799
713
292
367
783
964
14
399
14
632
188
39
536
828
206
276
585
659
203
419
969
42
811
750
623
859
128
201
11
671
547
132
875
188
146
631
785
672
538
249
637
593
751
891
47
70
8
665
230
586
76
992
270
67
669
324
860
48
691
270
849
655
634
89
965
663
665
267
377
352
453
691
885
2
619
473
659
429
720
516
87
962
373
164
649
883
187
76
309
685
258
930
198
96
43
294
99
869
576
8
839
239
233
56
563
408
312
408
671
220
190
784
519
202
516
709
258
512
873
80
4
497
869
770
801
816
506
794
767
469
931
505
76
328
888
594
129
754
121
35
55
170
3
834
919
215
607
663
868
16
615
481
138
905
832
44
301
313
802
686
883
800
199
351
828
694
200
222
797
387
298
933
44
285
702
516
162
720
896
186
420
636
85
365
800
978
295
517
99
392
118
993
118
437
882
529
497
437
631
147
871
429
451
89
370
965
157
380
519
773
50
223
68
294
513
866
400
45
525
327
763
921
115
775
708
830
528
657
457
579
122
218
813
81
233
696
66
246
183
722
479
873
214
114
33
353
345
887
858
659
448
432
457
969
240
869
464
485
837
611
669
171
672
327
263
586
391
583
137
696
55
64
971
798
375
696
189
772
989
231
968
168
237
141
703
80
364
664
267
798
566
343
669
848
733
693
394
384
636
681
263
675
753
413
678
802
645
859
351
344
766
52
804
84
538
764
428
974
691
147
773
537
433
789
422
851
166
675
17
796
907
488
59
20
652
302
755
935
136
632
666
686
8
82
540
735
230
285
885
25
529
702
640
166
554
326
99
759
725
176
370
307
705
372
85
319
856
575
64
745
858
988
299
422
50
130
191
334
959
468
675
877
137
931
16
905
183
614
80
497
680
819
606
325
698
84
658
354
966
319
571
118
43
904
893
164
493
950
64
183
564
614
133
221
706
374
870
619
600
476
81
528
569
99
156
697
240
336
899
636
230
650
580
697
639
903
763
153
163
771
431
67
949
919
880
351
967
705
456
246
977
206
12
102
840
338
896
202
887
146
22
896
925
17
579
554
494
681
432
950
464
720
703
225
222
131
322
623
646
825
660
733
1
602
675
367
489
580
998
520
454
680
172
800
140
870
163
475
209
632
390
605
132
200
557
184
78
89
283
55
786
748
716
982
98
583
509
470
919
831
809
703
320
490
282
540
867
38
733
643
853
635
96
916
675
721
47
977
880
68
753
224
727
361
91
433
303
858
129
994
760
53
771
175
789
45
669
975
154
634
200
258
760
974
780
816
607
217
531
43
24
421
637
754
684
244
681
740
500
925
464
623
638
747
8
682
885
376
956
920
226
921
215
507
506
575
169
575
686
578
934
80
725
579
529
285
42
839
282
481
267
325
363
180
3
91
877
55
84
982
174
734
813
525
164
912
993
374
172
804
836
422
694
21
777
231
47
640
639
611
490
893
51
851
992
284
831
927
998
315
618
24
702
197
704
996
146
773
518
216
511
34
111
375
991
932
631
683
420
287
17
827
537
688
624
918
181
765
416
10
125
312
241
156
76
971
368
681
956
783
481
709
862
261
661
870
680
234
838
511
387
836
926
753
797
36
98
776
926
32
754
751
258
639
140
78
204
193
388
175
25
2
289
404
42
493
431
145
432
818
39
873
977
592
646
265
73
391
18
760
390
677
649
801
572
365
25
177
865
464
33
236
879
819
446
883
920
978
20
177
716
444
522
152
48
683
199
915
704
676
936
816
999