112
546
812
1119
1401
623
718
1221
1920
553
100
11
1533
593
1941
162
1174
135
1112
1321
1060
1352
980
568
33
1207
1104
88
906
1057
1705
594
1102
1205
765
775
1010
877
1558
493
69
1615
999
248
495
31
1239
267
1199
670
582
126
325
461
918
1397
1863
12
644
1131
331
684
415
513
502
912
1922
1559
1600
1960
1794
1046
1953
123
1488
948
959
991
1168
1263
988
1198
1742
1778
1358
1341
1860
1491
668
255
259
1223
559
1494
44
586
481
617
922
376
321
1012
1866
1441
588
663
742
1439
1
961
931
1910
1327
1118
1093
377
1383
1079
210
1457
633
1055
1844
743
774
1999
1885
915
727
1793
1750
113
443
1284
1343
1803
1591
1645
890
1385
1588
733
1362
486
846
75
146
1002
1175
832
1342
708
292
707
419
1846
1004
1912
1218
1613
1948
1597
441
197
427
1081
1415
39
1412
256
1345
1021
42
629
1939
151
1643
1685
1289
1654
924
1204
817
220
777
1421
1181
653
1579
1367
467
745
1132
1355
1061
277
1933
459
405
356
1545
1137
198
128
1855
1850
1967
482
514
657
833
1090
1469
1804
1806
1822
1003
1054
1689
1330
370
608
1828
1651
1710
1673
1628
1756
295
756
965
1551
1191
1968
1900
683
1513
373
1868
795
488
104
589
928
342
23
1754
1604
952
475
357
693
527
1266
669
1200
1083
866
51
879
1444
1405
1475
1497
1595
1649
933
129
713
676
659
89
969
1865
2
85
1890
677
1436
950
368
1738
726
361
1683
883
174
276
1370
702
853
403
1215
1612
1042
1621
1768
1329
1260
776
1730
172
74
930
1859
24
769
749
1470
506
410
1502
624
285
996
1679
1518
1138
1913
363
863
603
1918
390
1672
936
1222
882
339
1208
896
632
998
1291
1524
1784
1172
1264
1101
125
686
1789
827
1853
1636
1852
1854
649
1495
433
807
521
1097
68
1372
1136
1531
1166
759
1273
439
372
387
1915
55
646
1606
681
637
284
1349
227
1587
1688
349
529
1453
110
253
1692
1396
1659
1410
1739
826
64
530
535
1015
1252
1807
1389
1434
1032
978
498
1323
225
1704
131
226
417
585
1201
1357
167
1184
1753
304
1347
302
1277
120
217
1568
7
365
79
1563
1996
836
268
1845
1662
771
636
1095
1018
1508
1088
1893
246
409
359
957
1731
1681
834
716
1000
1285
1103
1481
1336
787
265
548
1257
561
895
1666
133
1856
1375
1035
1590
333
1406
699
1762
869
1247
578
1653
32
1476
275
1693
371
1120
1889
188
418
1496
485
698
341
1121
97
1416
752
1779
695
1241
944
1128
1751
391
1641
200
1805
142
1952
512
825
1135
148
412
92
1438
166
1984
164
1461
1727
1911
223
1680
145
1718
1373
974
1966
407
691
830
1724
1351
1038
449
903
1304
1078
688
1835
38
1084
1701
1661
1275
634
437
249
804
891
1280
156
1288
1619
1319
208
1788
984
326
140
566
144
1056
740
1089
1603
1605
1857
813
1917
843
1310
1658
1499
1569
1423
1442
1512
93
235
556
604
424
710
1877
1091
1425
1764
1618
1691
569
1479
1229
504
1143
1484
1378
99
1732
1536
1711
1987
1670
1747
1887
364
1752
335
1158
1870
47
662
1233
766
1472
917
21
1183
1248
199
1262
1973
379
971
1609
1527
1519
53
511
1312
972
1157
1163
1311
1791
50
358
1276
1501
1255
40
1246
1065
1532
1781
41
1039
788
599
1541
138
754
1282
1005
1503
592
431
1013
1435
1017
507
1294
300
861
1110
1316
1528
204
685
1903
868
1697
1625
1228
400
1561
704
278
1783
1380
213
1765
209
845
245
573
1671
1936
809
30
374
898
1427
1020
605
168
823
20
1706
904
1001
1849
150
261
383
1841
976
985
1864
375
1901
1299
1989
814
799
1203
655
545
1064
1129
601
1985
1505
314
158
701
484
1566
847
925
945
1422
1105
1124
1073
1460
1584
1995
892
1937
1162
816
1214
758
1708
730
1921
1418
260
1998
9
818
894
1052
1526
1059
65
1300
1043
291
474
792
1839
1443
741
552
640
1044
1317
445
211
1647
1861
1599
1825
1068
1820
1988
533
1991
956
1627
1631
179
544
1546
674
1165
17
462
1067
1278
700
665
732
27
840
839
1467
611
1297
1159
1607
180
206
1517
1326
25
1957
625
1678
1206
178
1242
1897
982
1792
1160
115
1429
1414
262
720
194
242
712
1253
575
468
1115
1113
280
274
1930
524
1092
1251
1098
147
1514
1161
497
1539
751
1287
177
1882
1892
380
477
884
744
1238
56
1929
910
307
1393
1447
165
406
243
1687
1123
1048
860
876
1795
916
635
1819
811
435
1923
1633
1780
1550
1760
487
666
901
1167
905
460
997
1283
176
1085
1875
1489
1340
1955
1800
1521
1244
979
1540
241
1593
1150
1634
829
1141
1153
1483
1879
1696
1737
258
492
1567
1455
626
1971
1817
247
1256
1045
1139
791
1766
694
450
16
1164
938
1707
711
1790
45
886
1761
505
3
216
1268
1815
271
466
907
531
1151
538
705
1851
141
1520
338
963
346
1759
327
1927
1961
1703
643
1062
1384
1771
1398
1749
645
1454
1665
1480
1947
1617
1281
402
1867
1292
1664
106
251
880
1369
244
1776
750
865
1511
1261
855
1254
195
252
1847
1840
18
1838
2000
76
185
638
975
1556
828
63
254
1573
1580
614
1437
350
1964
1842
404
1891
520
1663
781
755
885
193
347
