754
258
698
482
319
937
156
543
872
965
671
213
829
704
17
345
892
789
413
605
176
248
995
174
392
811
569
789
241
880
920
611
394
368
283
422
129
459
665
765
256
329
839
953
789
391
241
572
185
634
973
481
731
290
154
44
881
794
210
129
862
578
925
197
830
115
374
530
624
927
338
752
411
260
540
166
312
834
685
137
523
441
674
287
354
774
120
15
388
948
631
731
583
916
204
855
569
469
782
509
245
220
803
637
218
455
774
673
895
925
492
752
61
515
376
874
661
299
778
567
433
873
105
212
55
887
341
917
246
390
438
317
148
831
560
792
388
614
481
857
693
969
36
516
689
399
71
128
730
647
532
275
198
862
675
519
778
90
740
118
64
798
697
212
957
267
72
361
214
307
753
568
261
185
202
978
592
490
695
580
847
99
845
931
116
661
402
797
530
853
536
814
88
475
732
504
543
35
958
573
583
459
552
525
489
847
789
146
326
219
464
865
531
602
897
429
476
218
686
92
289
25
918
953
547
568
633
745
974
455
382
360
139
655
971
677
865
850
672
671
523
121
835
632
835
618
222
308
701
890
160
324
453
350
240
953
734
271
775
946
420
773
798
442
13
462
271
902
184
357
852
111
999
801
881
143
465
522
333
792
28
528
576
207
497
261
648
301
299
883
885
574
140
845
809
970
81
726
285
513
314
840
478
882
624
632
563
590
732
35
902
193
450
669
101
845
932
288
731
849
421
801
716
593
362
214
857
657
16
57
601
875
602
736
145
883
25
925
653
576
219
70
219
968
303
774
896
849
643
27
731
156
283
420
298
994
890
563
417
462
218
834
40
774
682
669
600
235
302
73
394
477
157
28
851
681
725
817
771
746
524
293
59
718
121
203
120
540
73
437
75
908
266
423
440
740
217
221
391
123
888
978
171
246
501
571
776
778
569
104
499
292
1
639
42
683
732
304
100
630
981
313
131
967
504
317
62
551
487
73
824
504
931
453
646
920
999
371
854
120
882
52
927
739
326
992
959
603
88
657
771
273
968
971
801
130
583
160
732
810
34
606
209
429
569
436
121
522
92
530
677
224
647
524
688
572
930
195
686
561
491
576
975
640
402
265
239
18
537
428
53
431
932
474
872
569
168
259
387
110
975
815
199
578
592
971
451
600
288
181
682
186
883
368
546
299
367
751
529
257
52
87
990
933
118
341
564
446
67
117
170
557
709
538
982
571
411
889
196
839
209
335
191
407
313
41
653
768
472
610
872
936
882
975
725
101
235
93
336
34
159
238
809
132
586
440
92
353
577
273
814
971
218
850
843
784
489
274
641
848
516
931
408
642
891
469
330
150
361
547
622
80
103
343
305
12
576
797
610
905
731
962
324
564
907
264
60
802
859
642
783
234
165
511
201
672
89
648
638
735
230
953
817
477
898
428
524
683
761
763
300
330
192
785
61
336
905
739
990
1000
433
294
10
413
342
978
659
563
167
440
36
776
803
803
194
154
703
493
649
507
709
604
668
123
344
783
634
125
364
231
348
300
343
897
847
362
504
733
777
919
888
292
142
792
363
91
784
793
317
477
731
421
471
850
889
23
897
882
564
382
682
459
850
798
61
350
29
926
257
908
153
597
646
479
823
943
635
217
258
422
30
960
789
312
737
327
802
234
92
448
222
226
634
478
935
56
231
516
377
999
23
829
694
487
154
628
693
16
885
642
442
405
950
254
749
774
796
644
661
155
694
632
497
695
370
69
171
141
996
951
136
280
805
70
990
324
91
966
366
226
187
946
72
632
783
506
16
159
360
172
422
73
148
150
303
979
592
693
126
357
574
298
122
41
704
894
874
489
777
835
756
594
796
239
375
586
177
905
831
931
456
328
646
411
215
679
432
456
155
54
290
944
173
338
753
437
575
773
470
21
828
201
701
888
70
81
856
305
45
328
686
576
777
192
762
125
366
89
576
80
254
594
819
308
170
766
518
866
551
69
155
291
639
400
715
963
896
892
332
240
992
248
78
924
810
47
878
869
370
313
345
326
701
23
893
214
363
45
865
171
184
29
503
371
705
42
943
271
78
169
660
825
951
155
255
898
988
999
40
236
155
803
450
923
227
899
793
474
623
613
237
746
411
635
124
948
757
583
226
220
800
902
640
252
706
228
626
469
480
942
918
332
979
825
963
368
97
859
931
788
735
999
899
907
362
12
177
782
946
888
10
73
993
180
82
680
779
132
733
816
32
69
831
649
951
375
352
837
77
95
125
792
29
35
679
726
328
967
104
241