529
1272
1718
2353
3232
5929
6628
8000
8235
9186
9796
11404
11938
12243
13221
13772
14043
14249
14766
16621
16897
17958
18424
18804
19441
19985
20015
20761
21448
24564
25574
28896
30096
30803
31362
32923
33415
33871
35579
36191
36944
37071
37434
39542
39926
40532
40855
43868
45059
45326
46307
48430
53896
54431
54943
57115
57524
58094
58428
58521
58702
59021
59029
59453
59482
61239
62023
63786
63935
65051
65767
65832
67379
67859
68033
70172
70433
71272
75255
77533
79720
80910
83466
83973
86405
87420
87674
88357
89492
90948
91167
92402
92486
94595
96205
98289
98768
100580
101513
102205
103008
104388
104884
107039
108149
108321
111739
112311
113501
113707
114888
116935
121034
121069
122548
122590
123094
123322
126693
126694
126696
126776
126890
127505
130733
131703
134884
134955
135036
135990
136740
136747
137185
138716
139618
140683
140934
142420
142614
143557
144384
144532
144561
144829
145556
147246
147251
147283
149273
150158
151203
152298
152431
152764
153166
153229
153437
154084
155288
156251
156499
156952
158437
161229
162294
163257
164194
165928
165949
167184
168633
171104
171471
172010
172706
172841
173949
175031
175303
179716
180049
181018
182615
183679
185963
186624
186687
187372
188610
190199
190999
192156
192354
193619
193910
194126
195334
196459
196561
196842
196900
197064
198080
199223
201599
202958
205792
206110
207154
207535
208231
209043
210309
210464
210961
211264
211469
212088
212792
214473
217669
218377
218537
220124
220154
220360
220391
220540
221100
223061
224717
226449
226934
228060
228394
230894
231379
231399
231980
232620
239596
240254
240313
241179
241419
241421
242497
242795
243545
244129
244952
246162
246439
247108
247578
249981
251438
252854
253006
255922
256389
256649
256906
256997
260334
261472
261764
263694
274602
274672
274950
274979
275606
275911
276044
276148
277717
278177
278289
280383
280846
281277
284819
285178
285313
286836
287641
290540
291584
292625
292753
292863
295487
296075
296884
299747
300577
301054
301980
302400
302818
303200
305468
306289
306864
307182
307304
308171
308559
310177
310716
311235
312130
312389
312487
312544
314995
317065
317689
318455
319027
319142
319360
319914
322472
322791
322943
323516
324353
324469
324694
324765
325362
325707
325734
326380
326933
327080
327462
327790
328123
329053
329817
330945
332655
333166
333412
333887
333929
337315
338448
338623
339483
343529
343981
344612
344763
350192
350304
351477
351479
352612
354727
355496
355621
356473
356841
357033
357304
357412
358424
358681
358796
359013
359838
361850
364843
365607
366292
366909
368656
372619
373008
374986
375757
376095
376299
376918
378284
379702
380268
386120
386392
387354
388876
389860
390291
390652
391572
393199
395931
396336
403507
403968
407637
408181
408814
410156
411265
411377
411503
412686
413119
414943
416123
416547
416691
416726
417218
417524
420596
420721
421293
421463
422634
423176
424237
428561
428757
429497
429529
430213
431295
431613
432912
435950
436250
437093
437165
438221
438301
439607
439836
440783
441054
441950
442562
442607
442688
444397
446861
448456
449171
449971
450035
450743
453301
456271
457711
457898
458017
459345
459459
459770
461090
461239
461263
461575
462943
463425
463742
465187
465855
465868
466142
466897
466907
466956
468193
469003
469902
470423
470448
471875
473967
474806
475589
475940
478545
480002
480961
483685
485565
486591
488082
490807
492594
493421
493704
494345
495299
495336
495342
495379
496469
496493
497311
499458
502838
503267
504828
505014
505568
506394
508378
509033
509890
510442
511181
515826
516810
517467
520946
521290
526129
527021
527150
527968
528081
528956
529997
531348
531435
531460
532367
533591
535396
536543
538390
539983
540743
540930
541403
542197
546220
549036
549156
549726
550154
550555
550792
551061
551097
551283
554575
555077
555453
555526
556938
559451
560717
561449
562065
562636
563527
563547
565070
565330
565803
568956
569246
572018
574532
575097
575296
576233
576258
576469
576993
577697
578055
578287
580186
581311
582098
582201
582877
583973
585660
587224
589416
589735
591917
594999
595520
595565
595583
596740
599839
599980
600474
600795
601003
603196
603824
605509
608082
610481
612112
612484
613188
613334
614644
614882
615589
616285
616930
618100
618458
620519
621557
622119
624017
628636
630671
630698
632658
634029
635366
635908
636381
637074
638141
638386
638605
639887
640005
640546
641482
642613
643782
644105
645551
645555
645935
646888
649715
650195
651140
651318
652534
652710
656136
656634
656649
656952
657916
659156
659726
662145
662559
662659
663354
663472
663833
667848
668908
670477
671536
671665
671695
671922
672545
672759
673500
674465
674591
674883
675649
676825
677267
678415
678709
679292
680437
681263
682386
683563
683578
685050
686357
688682
690025
690744
692092
693075
693214
694285
694801
695178
698168
698588
698705
699357
700982
701943
702518
703688
704184
705514
706111
707078
707086
708400
708763
709306
709512
709784
710977
711130
711858
713353
713403
714456
714463
714823
717744
717936
719521
719682
720644
720648
721825
722466
724173
724322
724838
725784
726172
726351
727482
727733
728156
728305
730300
730777
732396
732792
733003
736439
738650
739034
739882
740852
740855
741860
742007
742747
742815
743591
743677
744092
744275
744390
744970
745365
745864
746106
746911
747253
748155
748191
749741
751876
755966
756562
758892
761088
762390
763811
765239
765976
767411
768010
768535
768967
770624
772065
772101
775365
777772
779659
780555
780562
780861
782138
783123
786908
787585
788017
788978
790776
791521
793207
795244
797172
800071
801463
801674
804849
805968
808657
811931
811964
814436
814868
816755
818175
819646
820410
820951
822764
823753
824463
825007
825145
826311
826854
827098
827498
829234
829405
830017
831535
833882
834288
834833
835647
835812
838903
841310
842632
845821
846781
851177
851367
851726
851778
851883
852333
852369
852484
853295
854245
854265
854355
856560
857816
859031
859622
862398
863034
863565
864240
866933
868488
868998
869643
870425
871148
873824
875861
877298
877802
878236
879007
879199
879776
880521
881054
882980
884032
885368
885984
889504
890187
890384
890522
891915
892038
892210
893084
893861
894665
896349
896944
897642
898967
899139
899862
900874
901648
905071
906798
907443
907842
908986
908990
909508
911192
912015
913638
914632
915069
915224
917420
917426
919964
920740
921222
922310
922474
922612
923651
924033
924664
925094
925768
926750
927416
927539
928437
929717
930772
937153
937175
937289
938900
940310
942787
943096
944868
945736
946614
947207
948764
948858
949449
949825
949883
950976
951394
952343
956556
958716
961027
962224
965889
966567
967052
967774
968023
968498
970268
970778
971659
972020
976770
978009
978600
978943
979420
980994
981367
981586
983109
983823
983922
984641
985528
986501
987069
987696
987858
988013
988779
990442
991627
991877
991960
992309
993507
996985
997018
997744
997935
998178
998608
998847
999239
